image_width: 640
image_height: 480
camera_name: camerav1_640x480
camera_matrix:
  rows: 3
  cols: 3
  data: [1041.51869492716, 0, 295.0576145825931, 0, 1039.498939174829, 253.8282868770189, 0, 0, 1]
distortion_model: plumb_bob
distortion_coefficients:
  rows: 1
  cols: 5
  data: [-0.4361607287105043, 0.308424815323135, 0.003480170703043132, 0.006016273615170264, 0]
rectification_matrix:
  rows: 3
  cols: 3
  data: [1, 0, 0, 0, 1, 0, 0, 0, 1]
projection_matrix:
  rows: 3
  cols: 4
  data: [996.7908325195312, 0, 294.5336395661197, 0, 0, 1012.492858886719, 254.5968837214205, 0, 0, 0, 1, 0]