image_width: 1280
image_height: 720
camera_name: camerav1_1280x720
camera_matrix:
  rows: 3
  cols: 3
  data: [1191.884286053011, 0, 623.5216208354548, 0, 1200.192080655355, 350.401287794217, 0, 0, 1]
distortion_model: plumb_bob
distortion_coefficients:
  rows: 1
  cols: 5
  data: [0.1608755507138218, -0.2175413259299727, 0.0006796343209343031, 0.008964100357850904, 0]
rectification_matrix:
  rows: 3
  cols: 3
  data: [1, 0, 0, 0, 1, 0, 0, 0, 1]
projection_matrix:
  rows: 3
  cols: 4
  data: [1227.171752929688, 0, 632.6834132757285, 0, 0, 1245.505737304688, 350.3480053142775, 0, 0, 0, 1, 0]
