%YAML:1.0
mm_per_unit: 1.0
corners:
 - [[-399, 631, 0],[241, 631, 0],[241, 48, 0],[-399, 48, 0]]
 - [[268, 631, 0],[398, 631, 0],[398, 558, 0],[268, 558, 0]]
 - [[268, 178, 0],[398, 178, 0],[398, 48, 0],[268, 48, 0]]
 - [[-166, 0, 0],[-66, 0, 0],[-66, -100, 0],[-166, -100, 0]]
 - [[-399, 0, 0],[-192, 0, 0],[-192, -207, 0],[-399, -207, 0]]
 - [[35, 0, 0],[398, 0, 0],[398, -362, 0],[35, -362, 0]]
 - [[-34, 0, 0],[0, 0, 0],[0, -34, 0],[-34, -34, 0]]
 - [[-72, -109, 0],[0, -109, 0],[0, -180, 0],[-72, -180, 0]]
 - [[-58, -42, 0],[0, -42, 0],[0, -100, 0],[-58, -100, 0]]
 - [[-178, -190, 0],[0, -190, 0],[0, -368, 0],[-178, -368, 0]]
 - [[-399, -375, 0],[-312, -375, 0],[-312, -462, 0],[-399, -462, 0]]
 - [[310, -375, 0],[398, -375, 0],[398, -462, 0],[310, -462, 0]]
ids:
 - 1
 - 2
 - 3
 - 4
 - 5
 - 6
 - 7
 - 8
 - 9
 - 10
 - 11
 - 12
