%YAML:1.0
mm_per_unit: 1.0
corners:
 - [[0, 231, 0],[226, 231, 0],[226, 5, 0],[0, 5, 0]]
 - [[281, 293, 0],[506, 293, 0],[506, 91, 0],[281, 91, 0]]
 - [[392, 83, 0],[475, 83, 0],[475, 0, 0],[392, 0, 0]]
ids:
 - 1
 - 3
 - 4
