%YAML:1.0
mm_per_unit: 1.0
corners:
 - [[-283, 488, 0],[171, 488, 0],[171, 34, 0],[-283, 34, 0]]
 - [[190, 488, 0],[282, 488, 0],[282, 396, 0],[190, 396, 0]]
 - [[190, 126, 0],[282, 126, 0],[282, 34, 0],[190, 34, 0]]
 - [[-118, 0, 0],[-47, 0, 0],[-47, -71, 0],[-118, -71, 0]]
 - [[-283, 0, 0],[-136, 0, 0],[-136, -147, 0],[-283, -147, 0]]
 - [[25, 0, 0],[282, 0, 0],[282, -257, 0],[25, -257, 0]]
 - [[-24, 0, 0],[0, 0, 0],[0, -24, 0],[-24, -24, 0]]
 - [[-51, -77, 0],[0, -77, 0],[0, -128, 0],[-51, -128, 0]]
 - [[-41, -30, 0],[0, -30, 0],[0, -71, 0],[-41, -71, 0]]
 - [[-126, -135, 0],[0, -135, 0],[0, -261, 0],[-126, -261, 0]]
 - [[-283, -266, 0],[-221, -266, 0],[-221, -328, 0],[-283, -328, 0]]
 - [[220, -266, 0],[282, -266, 0],[282, -328, 0],[220, -328, 0]]
ids:
 - 1
 - 2
 - 3
 - 4
 - 5
 - 6
 - 7
 - 8
 - 9
 - 10
 - 11
 - 12
