# oST version 5.0 parameters


[image]

width
1280

height
720

[narrow_stereo]

camera matrix
1921.647685 0.000000 595.256703
0.000000 1933.423996 322.494329
0.000000 0.000000 1.000000

distortion
-0.467494 0.164876 0.006148 0.002165 0.000000

rectification
1.000000 0.000000 0.000000
0.000000 1.000000 0.000000
0.000000 0.000000 1.000000

projection
1812.468750 0.000000 590.907278 0.000000
0.000000 1898.900757 322.087288 0.000000
0.000000 0.000000 1.000000 0.000000
